
strategic_region={
	id=298
	name="STRATEGICREGION_298"
	provinces={
		1920 1973 2029 4924 4976 5006 5074 8030 10752 10840 12740 12821 12894 13079 13549 13550 13551 13552 13553 13554 13555 13556 13557 13558 13559 13560 13561 13562 13566 16497 16498 16499 16500 16501 16502 16504 16505 16506 16507 16509 16510 16511 16512 16513 16516 16520 16525 16526 16532 16533 16534 16540 16541 16546 16548 16549 16554 16557 16561 16562 16569 16574 16580 16582 16585 16588 16589 16595 16598 16600 16605 
	}
	weather={
	}
}
