
strategic_region={
	id=304
	name="STRATEGICREGION_304"
	provinces={
		1975 2056 5101 7930 7950 7954 8116 10780 10788 12851 13753 13755 13756 13758 13759 13760 13761 13762 14008 14009 14015 14018 14019 14020 14021 14023 14571 16108 16109 16110 16115 16116 16119 16121 16123 16125 16127 16129 16130 16131 16132 16134 16136 16137 16138 16139 16141 16142 16144 16145 16146 16148 16149 16152 16153 16154 16155 16156 16157 16160 16163 16164 16167 16169 16170 16173 16177 16178 16180 16181 16183 16186 16190 16196 16207 16208 16211 16213 16221 16245 16696 16710 16718 16724 16735 16737 16749 16753 16755 16757 16759 16763 16764 16765 16766 16769 16770 16771 16776 16780 16785 16786 16787 16789 16790 16792 16793 16795 16801 16803 16805 16806 16811 16814 16815 16816 16819 16822 16823 16826 16827 16831 16834 16838 16839 16845 16846 16853 16859 16860 16863 16867 16869 16873 16874 16884 16885 16888 16889 16900 16905 16909 16910 16913 16914 16915 16916 16926 16927 16928 16937 16942 16943 16946 16948 16951 16958 16961 16970 16971 16972 16975 17000 17123 17124 
	}
	weather={
	}
}
