
strategic_region={
	id=305
	name="STRATEGICREGION_305"
	provinces={
		1909 2038 2094 4927 4989 5013 5039 5045 5070 7959 7983 8006 8008 8039 8065 8071 8096 8122 10762 10803 10836 10862 12742 12747 12787 12794 12802 12834 12858 12891 13626 13627 13629 13633 13647 13648 13649 13650 13651 13652 13653 13654 13655 13656 13788 13789 13790 13792 13793 13794 13795 13797 13798 13799 13801 13954 13955 13956 13957 13958 13959 13960 13961 13962 13963 13964 13965 13966 13967 13968 13969 13970 13971 13972 13973 13974 14003 14004 14005 14006 14010 14012 14014 15117 15118 16680 16683 16685 16691 16692 16693 16699 16702 16705 16707 16712 16716 16726 
	}
	weather={
	}
}
