
strategic_region={
	id=312
	name="STRATEGICREGION_312"
	provinces={
		1956 4191 4902 7987 14175 16111 16112 16114 16117 16122 16124 16126 16128 16135 16143 16147 16150 16151 16158 16159 16161 16162 16166 16168 16171 16172 16182 16184 16192 16199 16203 16224 16225 16231 16241 16777 16796 16799 16804 16817 16821 16824 16828 16830 16847 16854 16855 16875 16878 16883 16893 16898 16901 16902 16920 16921 16923 16924 16932 16940 16944 16949 16954 16966 16967 16973 16976 16977 16986 16988 16989 
	}
	weather={
	}
}
