5 19 1182 9998 7157 7087 12097 10125 4142 11960 7072 14370 12031 7212 11946 1092 10052 11985 1025 7110 9950 
5 18 7110 10011 13282 1054 12085 13283 4126 7175 7204 13288 7221 1003 13275 10065 13278 9790 912 11835 
5 13 11835 6981 836 9854 964 11764 9835 6837 11886 3900 1052 12043 10068 
5 14 10068 4137 11944 1084 10102 4071 1154 1124 1029 4082 7142 9953 1089 10076 
5 8 10076 10034 4042 7191 11991 12059 1195 1055 
5 5 1055 4099 10069 4169 4196 
5 18 4196 7027 11986 7071 10010 10093 9938 9978 7067 4050 7108 1047 4189 14086 11938 9963 7039 11981 
5 8 11981 7135 4023 1018 10004 7093 1157 4119 
5 15 4119 1185 11936 10016 4397 12297 7280 1302 4379 10309 13295 10137 4255 1300 4334 
5 4 4334 4405 10162 1285 
5 9 1285 12204 10232 12232 16080 1423 12133 4284 4341 
5 15 4341 3218 16044 16033 16022 16011 15986 15975 15969 15956 15939 15923 13304 10313 12299 
5 6 10313 15882 15895 15890 5589 15870 
5 9 15870 15844 15824 15799 15781 15728 4381 10150 7308 
5 3 7308 12209 4320 
4 4 10150 1274 1313 4320 
5 5 4361 1342 10279 4406 10307 
1 2 4320 4361 
5 12 10307 1425 4621 4434 7642 10135 14246 1209 12472 7654 15354 4273 
5 8 4273 2239 15341 10191 12162 2124 15352 10175 
5 5 10175 15342 7321 12151 15345 
5 7 15345 15362 15379 15382 15398 15399 15423 
5 8 15423 15438 15463 15474 15481 15499 15492 15507 
5 13 15507 15508 15475 15476 15482 15483 15493 15514 15526 15527 4593 7627 1629 
5 4 1629 10505 1310 15323 
5 9 15323 1644 10338 10350 10365 10378 4520 12367 7566 
5 11 7566 4560 10460 10487 7651 12308 4481 7522 7535 7564 10445 
5 5 10445 10458 1611 7450 7520 
5 5 7859 12435 4864 12406 7520 
1 5 4214 7325 4423 12253 1415 
1 3 1415 10165 7351 
1 5 7284 1407 12245 12188 1293 
1 3 10243 12217 12245 
1 8 10302 1261 12112 10186 12153 7385 4269 1293 
1 8 7351 7323 10236 16103 1372 12279 4228 1311 
1 5 1311 1340 4373 1224 4269 
1 8 10236 10265 1221 4288 10272 14677 7423 10302 
1 2 12279 4377 
1 6 10272 7419 4429 10145 4282 12186 
1 3 11925 4164 7110 
1 4 11925 10092 7046 4179 
1 3 4179 4094 9965 
1 3 9965 7113 7072 
1 4 10125 7187 7217 10032 
1 2 1182 4188 
1 2 4188 4184 
1 3 1182 993 1113 
1 4 1113 4118 1024 7169 
1 3 1117 4122 1113 
1 5 7169 12056 3848 6994 6873 
1 7 6994 9859 3962 7532 10444 12352 12421 
1 8 957 6989 9762 11765 9639 681 10466 12189 
1 4 13282 12060 4056 13287 
1 2 13287 4086 
1 2 7204 9936 
1 2 13288 1100 
1 2 7221 7125 
1 3 7125 1148 13291 
1 3 1100 13290 13291 
1 4 10065 13277 7070 848 
1 3 13278 4052 10065 
1 2 4052 9790 
1 3 11775 13280 6928 
1 3 6928 13279 848 
1 10 6928 3981 3852 6922 959 6822 898 6944 11879 957 
1 3 9803 6963 11775 
1 2 9759 9803 
1 3 9936 10036 13291 
1 4 9936 10115 12089 4086 
1 4 13291 11958 4004 848 
1 3 12089 11912 12011 
1 5 15229 1150 6851 6918 9854 
1 9 9759 945 6910 6804 9885 11771 987 9781 11764 
1 3 9788 11815 9781 
1 3 12189 12192 12263 
1 4 11879 3977 957 6961 
1 2 6944 944 
1 7 4071 7089 1184 7105 1200 14742 4205 
1 3 10000 10119 1184 
1 8 1055 4013 1168 10058 9974 7058 1096 11991 
1 2 10034 7014 
1 3 4091 1089 10076 
1 4 4091 9953 12067 4082 
1 5 1124 9971 4157 10119 10000 
1 5 10000 4186 10018 14741 4205 
1 11 10068 11761 9843 9776 10397 828 12403 10424 4525 2087 10629 
1 11 11761 4140 1137 10480 12432 7631 10451 3427 12706 10854 8081 
1 2 14831 8081 
1 3 14794 7158 12403 
1 2 10480 14794 
1 2 10424 7631 
1 5 14831 3742 1630 12732 10490 
1 11 10490 2053 2099 10796 7997 1698 15193 12524 10614 15194 12656 
1 4 12656 15195 10691 15197 
1 2 3742 8081 
1 2 7659 3427 
1 9 10068 11822 6969 881 11801 6937 4495 12348 7648 
1 3 10397 952 4495 
1 3 11822 900 1052 
1 5 6837 14847 6898 3881 7633 
1 6 944 11862 3947 946 9913 11864 
1 7 3947 11893 3791 11906 6811 1571 10463 
1 3 6811 783 3977 
1 3 11864 7523 10433 
1 4 11864 11744 13621 4572 
1 5 4572 4642 916 11808 9885 
1 4 4642 930 1638 11903 
1 5 10433 7526 1645 4506 1847 
1 4 1847 4876 10638 4745 
1 3 1847 7873 7832 
1 2 7832 7763 
1 4 7659 7314 10367 4174 
1 7 1084 11980 11996 10022 7109 7000 4093 
1 6 10102 1069 7160 9987 1169 1188 
1 2 1169 4144 
1 3 1169 4058 10421 
1 3 4174 1519 10421 
1 3 4093 12062 1188 
1 7 5033 14330 5080 4964 14799 12846 10796 
1 6 4999 10841 12141 1395 12705 11972 
1 2 5072 11972 
1 3 11972 10763 4504 
1 4 4504 4192 7606 7446 
1 2 4504 10616 
1 3 10616 10763 4325 
1 3 10616 8095 4325 
1 4 4325 9939 1474 10335 
1 4 10335 4480 10404 1023 
1 7 1023 7128 7210 4092 12077 14744 9963 
1 4 7650 7137 4177 10004 
1 4 1018 15006 10050 4028 
1 2 7650 4028 
1 4 4028 1597 7168 1023 
1 5 7650 4628 4085 4532 10616 
1 2 12048 4119 
1 2 4075 12048 
1 2 4075 4119 
1 7 4075 10103 7218 4613 10496 1507 1464 
1 4 4613 12433 12392 12319 
1 4 7446 4501 1522 12319 
1 4 12048 1073 12008 12319 
1 7 12705 7240 15183 15185 12274 15188 5048 
1 3 7240 15180 6999 
1 5 12141 15184 4925 1367 10132 
1 4 2006 4295 7256 12274 
1 3 2006 1976 12156 
1 2 1976 7301 
1 5 5048 15189 7418 7406 12408 
1 2 7301 7406 
1 6 12408 4547 4519 7459 7580 10446 
1 2 4009 7580 
1 6 4009 7609 1612 12086 14793 7101 
1 2 7279 7101 
1 2 10757 1612 
1 3 7101 10517 7097 
1 4 7097 13143 12495 10057 
1 4 13143 12350 9982 9970 
1 4 9970 1120 1162 4050 
1 5 9938 7182 7141 4081 10112 
1 4 10112 12030 7172 10501 
1 4 10057 7199 1053 10112 
1 10 12495 10501 7653 3992 4038 4185 7007 1125 10014 7191 
1 7 7097 9999 4631 4619 1036 1628 3992 
1 8 4185 1153 7035 1083 10017 7222 7094 11916 
1 3 1628 7637 1153 
1 2 4619 7637 
1 5 10446 10434 9937 4079 11916 
1 6 7222 11994 1099 11913 11982 1089 
1 7 11916 1161 11973 12055 9956 4181 1124 
1 5 9956 10043 12069 11933 4144 
1 5 9958 7656 10098 7085 11973 
1 4 1575 11931 1004 9958 
1 4 12156 8049 12356 7314 
1 3 1575 5007 8049 
1 2 7301 5007 
1 3 10480 4208 7000 
1 9 5016 15192 7949 4828 1703 4770 14857 4709 12656 
1 3 8041 8059 4964 
1 7 11801 9873 7633 10426 14848 12478 11903 
1 4 7648 10363 3978 10426 
1 4 11903 12469 7812 4876 
1 6 7648 12554 1871 1811 10638 4745 
1 10 1464 12332 1390 1520 4539 1374 1592 13300 1324 4302 
1 6 1324 4639 7376 10317 4223 4284 
1 2 4401 12232 
1 3 1605 7271 12204 
1 6 1605 1400 1328 10180 7229 10309 
1 3 1374 12210 4379 
1 3 4302 4251 13299 
1 4 13297 10289 12191 13299 
1 2 10289 7376 
1 17 4312 1337 4371 7236 12144 1291 7342 1364 12215 1376 10297 4412 13305 7427 13303 4424 10313 
1 6 15988 15985 15993 15982 15986 15975 
1 7 16004 15983 16001 15990 15995 15994 15988 
1 11 16004 16021 16029 16043 16051 16056 16064 16072 16078 16083 1285 
1 8 15988 16007 16017 16031 16042 16048 16046 16051 
1 5 16042 16052 16063 16067 16080 
1 4 16004 15987 15974 15964 
1 7 15964 15947 15943 10285 7387 7371 13301 
1 3 7371 12171 12186 
1 3 12186 10199 1306 
1 5 7371 14258 1404 10325 7231 
1 7 12186 7358 12243 7415 1404 10325 7231 
1 6 7231 1252 4323 7355 10266 14251 
1 4 7231 10181 1098 4307 
1 2 1098 15806 
1 4 15854 7424 2184 10266 
1 5 15943 4396 7443 15854 7424 
1 5 10282 15789 15801 14254 15854 
1 7 5589 15877 15896 15886 15893 15887 15897 
1 7 10282 4409 15663 15613 15550 15549 15504 
1 7 15504 15460 15450 15452 12249 4406 10307 
1 5 15728 4364 15733 15705 7396 
1 11 7658 12488 14257 8360 10522 4446 1460 10354 10382 7368 10194 
1 4 10194 7440 12138 7308 
1 5 15530 15547 15551 15569 15550 
1 8 14251 1416 15693 15670 15660 15602 15591 15542 
1 7 12444 15538 15471 15422 15392 15366 15352 
1 7 5366 15641 15687 15725 15757 15772 15810 
1 7 4307 4262 1289 10169 7311 10197 10153 
1 4 15810 15827 15853 10197 
1 6 15810 15833 15813 15830 15856 1419 
1 5 15641 15653 15621 15604 12444 
1 4 15623 15579 15541 15508 
1 2 15483 4579 
1 10 15830 15834 15803 15777 15783 15800 15763 15784 4468 10436 
1 7 15623 15666 15681 15706 15717 7512 10436 
1 7 4593 8235 7570 10396 12371 10423 12400 
1 6 12400 12428 5135 12193 7365 10251 
1 3 5135 12931 4418 
1 4 10251 1329 1301 4332 
1 6 4418 10974 7305 7333 10231 10260 
1 4 7542 4509 10369 10396 
1 5 12206 1355 12234 12219 12162 
1 2 4251 12264 
1 6 12264 10438 10425 12360 7516 1464 
1 4 1427 7408 12224 12264 
1 3 7408 7225 4433 
1 3 1427 4392 12292 
1 3 1330 12197 7254 
1 5 1330 12127 4293 4336 12238 
1 7 4336 1403 12125 7295 1315 1385 12292 
1 12 4293 1417 12256 4626 12449 4585 1492 7469 14991 10920 1082 8063 
1 2 1170 14991 
1 5 7965 12898 15124 4425 8063 
1 2 10386 1492 
1 6 12090 14985 1014 1333 12284 7254 
1 3 12256 10344 1333 
1 4 10371 7492 1253 12238 
1 5 10411 12173 10221 10250 7408 
1 3 10221 7367 1427 
1 6 1427 7587 4319 4566 4408 1403 
1 4 12264 7601 12417 1374 
1 2 10371 1990 
1 3 1170 4210 10413 
1 6 7965 4937 7294 2067 12819 5072 
1 5 8063 14993 14994 14328 12322 
1 4 12322 14328 1996 8041 
1 3 12322 1525 12366 
1 14 12366 14418 10416 12338 1656 10878 13983 13984 4386 8082 8114 5002 11955 2086 
1 6 4433 1244 7292 4359 7404 13297 
1 2 1244 7225 
1 3 12360 1535 4539 
1 5 13297 13293 4223 4284 4341 
1 3 10413 10776 12392 
1 3 1990 7103 4613 
1 5 12090 7122 997 14336 9991 
1 7 997 10090 1581 14415 14417 1553 12322 
1 20 9991 11968 11929 4616 7662 4644 1444 12452 1637 10471 14240 10332 7938 14241 4045 2947 5086 10794 14951 2086 
1 11 2086 14951 4915 2054 1908 4149 12886 1061 10118 14989 14988 
1 23 2086 14951 14950 10807 2036 14243 14980 14976 4950 10030 12781 2923 12226 1359 7411 10799 5032 8100 12146 4315 7363 12247 1409 
1 15 1409 4416 10246 1268 7436 10278 12180 10152 1430 4321 7340 7297 14412 10255 14816 
1 10 1409 10130 7447 7391 14804 10190 7244 7395 12208 1273 
1 4 12208 4291 4395 1273 
1 10 4395 7232 12269 1349 7013 4187 7150 11952 10527 9975 
1 2 1349 10270 
1 4 9975 7696 7207 14988 
1 7 3456 10108 4110 1980 10847 4984 1908 
1 7 4045 5040 4410 10801 12854 10401 12420 
1 4 12854 14956 4883 10030 
1 4 2923 5019 11950 8087 
1 2 11261 1359 
1 3 10270 1405 7060 
1 2 1359 2900 
1 3 14819 7250 4291 
1 2 7250 12105 
1 2 4280 7340 
1 11 14816 10001 11978 12462 10116 10088 1101 1538 10358 14544 1444 
1 7 14804 4344 12146 8011 12734 1344 12180 
1 12 14951 14952 12868 14953 2076 12754 10905 1910 8022 14388 12717 14390 
1 7 14953 12041 12876 12718 10866 1971 10735 
1 2 10866 10847 
1 5 11955 2032 10729 14954 2076 
1 5 8007 9084 12005 12822 12754 
1 2 7662 10416 
1 6 11929 4162 10035 2843 12050 4245 
1 3 4516 4571 10471 
1 2 12137 2947 
1 3 1321 1238 7447 
1 17 10735 7049 8066 8013 15215 5075 14971 12809 10913 11249 10828 1963 8074 15159 10922 15131 10837 
1 17 10837 15130 8093 15166 12748 10873 10759 12852 15150 12895 14971 2070 10782 14382 14383 1179 3456 
1 5 14381 14380 14970 13082 2070 
1 4 14299 5089 4928 1963 
1 10 7661 1536 12434 4473 4901 4609 4637 15133 15131 10837 
1 5 8093 11671 15168 15169 15173 
1 6 15173 1957 15170 15171 5029 15165 
1 7 10837 15130 10768 15134 10385 7602 11671 
1 2 15134 8093 
1 4 14299 5005 12784 1922 
1 4 4928 2026 15152 1922 
1 8 1922 15153 15158 12773 10755 4943 1822 4755 
1 5 4901 14974 4825 1896 14973 
1 2 14974 4473 
1 3 1896 14975 4755 
1 3 4553 15136 4609 
1 7 14299 8117 10881 15140 7982 12863 15091 
1 4 14970 4891 1986 7982 
1 6 10737 14912 14918 10852 14919 14920 
1 20 14975 1636 14532 14531 11880 9858 14535 9868 6919 6950 3935 11826 11839 9844 6908 3905 890 11811 11829 9833 
1 24 9833 11829 11811 904 3905 6908 9844 11839 11826 3935 6950 6919 9954 10399 11739 12318 14533 14527 1463 5014 13342 13337 6826 10755 
1 2 12318 14531 
1 3 890 9806 11784 
1 5 11784 11747 804 11839 11826 
1 25 11784 6925 9861 3870 921 6888 3921 3890 7620 14524 12416 12387 7530 12476 1463 5014 13342 13337 13333 13332 13345 13325 78 14290 5005 
1 6 15165 10806 15155 7990 15150 12895 
1 8 890 9806 9901 9811 11860 3788 1122 1005 
1 4 921 961 15049 11810 
1 3 9868 9886 3714 
1 8 11811 3851 3786 11867 11778 9921 928 4112 
1 3 13249 6912 11778 
1 4 11810 806 12029 14522 
1 12 14522 1088 10087 1108 792 13311 11951 1065 7107 13214 13212 4088 
1 7 13214 4206 1201 15020 11919 13310 792 
1 3 15020 1065 1201 
1 4 13212 11970 13351 4161 
1 5 4161 11979 9947 4073 7011 
1 3 11739 4512 12416 
1 5 3890 14528 9860 11797 9954 
1 2 14535 11853 
1 2 3935 3903 
1 5 11810 10056 9763 6807 869 
1 2 6807 15050 
1 2 11860 940 
1 2 1122 4127 
1 10 890 6871 3951 11831 3856 3983 9878 784 12016 1005 
1 3 10041 11796 3856 
1 2 6992 928 
1 17 904 11866 11883 979 3982 3967 6995 11881 11894 975 14305 9932 3714 11753 7454 10403 2133 
1 2 11897 11826 
1 3 3919 3905 11866 
1 2 11866 3919 
1 5 3919 6920 9844 11839 11897 
1 3 940 9755 869 
1 4 15050 7143 6894 4127 
1 3 7143 4008 4127 
1 6 1005 5094 12096 14332 10038 6992 
1 3 10041 11917 14332 
1 5 4112 11848 9799 9887 13249 
1 3 4112 7130 10038 
1 2 3786 11831 
1 3 806 6813 3890 
1 2 14528 7620 
1 4 7620 9912 9893 6813 
1 3 9912 9823 9893 
1 3 9823 11871 12416 
1 5 6935 12318 10497 14525 4512 
1 2 14525 14526 
1 2 14526 12318 
1 3 14526 14533 12476 
1 2 14525 12387 
1 6 6935 14532 7470 12376 13358 2133 
1 3 11853 652 7470 
1 3 11853 6991 13358 
1 3 6991 6976 3714 
1 3 3903 6977 921 
1 2 869 9861 
1 3 11897 9900 11881 
1 4 3983 6877 3907 9901 
1 3 784 3876 11860 
1 4 928 11898 981 3856 
1 4 921 3807 3862 804 
1 3 3935 960 975 
1 3 9932 3979 9868 
1 5 11797 14534 9761 9777 3903 
1 2 9761 6888 
1 4 6888 6956 11746 806 
1 3 921 15176 6956 
1 4 14524 11759 876 9954 
1 4 9833 6895 3879 13250 
1 3 11842 922 6895 
1 6 11897 9871 6938 979 3982 6938 
1 2 6938 6920 
1 6 14527 864 14532 4583 8134 2133 
1 2 12376 8134 
1 2 10399 9858 
1 2 5067 15159 
1 9 8066 8098 5105 8044 7975 1107 14385 15127 8007 
1 2 2078 5064 
1 13 13311 13312 4550 1072 14581 3942 1606 14585 1634 1578 14537 14538 12387 
1 2 1634 2013 
1 3 1088 7140 12473 
1 2 10087 1056 
1 5 7107 1065 7170 1074 4486 
1 10 7107 1 1086 7176 4017 10089 7151 13350 7001 4486 
1 9 4017 4115 1015 10002 12073 10099 1112 11922 9947 
1 5 8155 10904 4993 13578 10760 
1 10 10760 8020 1947 13572 8002 13565 2103 13079 13558 2029 
1 6 2029 13554 12821 13551 13550 5074 
1 7 5074 13549 10752 13553 13557 13563 8073 
1 4 13553 10840 13556 4976 
1 2 4976 13554 
1 2 13552 10840 
1 3 13552 13550 5074 
1 7 4976 16497 16499 16505 16504 16517 16518 
1 4 16568 16576 16593 16613 
1 5 16584 16581 16550 16567 16568 
1 4 16584 16572 16563 16556 
1 4 16584 16592 16608 16617 
1 6 16567 16566 16678 16535 16521 16518 
1 4 16524 16538 16553 16552 
1 3 16552 16551 16678 
1 2 16553 16568 
1 5 16563 16544 16542 16529 16518 
1 4 16613 16621 16633 16642 
1 4 16617 16623 16640 16647 
1 3 16594 16616 16644 
1 3 16539 16579 16594 
1 2 2018 16539 
1 4 7960 13247 10904 8155 
1 3 10868 14709 8051 
1 3 8051 13292 10591 
1 3 10591 7623 4521 
1 2 4521 16644 
1 4 7960 2048 8108 10591 
1 5 10591 16653 16651 16649 16642 
1 2 16514 16539 
1 2 16514 13565 
1 4 16524 2059 16503 2103 
1 3 16533 16546 16556 
1 4 16534 16549 16541 16533 
1 5 16512 5006 1920 13560 10840 
1 5 4115 11976 14588 12455 5099 
1 6 5099 5027 13582 7934 16658 16654 
1 4 7934 13579 2033 13576 
1 3 16654 16648 16638 
1 4 16638 16650 12727 16660 
1 4 16660 16666 12768 12702 
1 2 10591 16657 
1 4 16657 10791 14708 12702 
1 4 12768 7995 10850 8085 
1 6 10850 16675 5058 16676 13589 4974 
1 3 16672 13587 13589 
1 2 5027 16672 
1 10 4486 1901 14667 4440 13320 14666 4951 13324 13328 12046 
1 2 2097 13325 
1 3 2097 13327 12046 
1 3 2097 10793 13332 
1 5 2097 13322 10876 8001 15144 
1 4 2089 13316 7977 2004 
1 2 7977 78 
1 2 13321 10876 
1 3 1600 13329 13328 
1 3 12773 829 13345 
1 2 10811 12476 
1 3 10811 13343 10106 
1 3 13343 13339 3916 
1 2 13339 1600 
1 2 13337 8123 
1 3 13311 13223 4111 
1 3 4974 13591 14666 
1 4 4974 10744 13318 10876 
1 4 13576 12883 13568 8073 
1 2 10752 4985 
1 5 7186 9955 4096 1175 12068 
1 13 1644 4648 7506 1501 2166 12957 1514 7481 4462 10518 10316 4415 7669 
1 16 7669 1431 12326 12311 10937 10958 2201 8152 5125 10971 4645 12323 7579 7608 4630 1652 
1 5 12910 12924 12932 4776 7798 
1 6 7859 13709 1861 10581 10553 7798 
1 4 7798 1759 12645 5187 
1 5 2163 4453 4478 1537 12435 
1 3 12993 5206 12957 
1 5 10090 14414 14337 1075 11929 
1 2 7179 14414 
1 3 7634 12395 12366 
1 2 12423 1075 
1 2 10514 10090 
1 3 10794 9951 8114 
1 5 2092 7905 2054 4915 14951 
1 6 14951 14950 5086 1377 12777 12786 
1 2 12777 5055 
1 5 14951 4915 2054 1908 14960 
1 6 4915 14242 7080 1949 14979 11995 
1 8 14951 14950 14242 7080 2092 1199 12743 12080 
1 4 11955 5157 12708 10729 
1 18 7011 4143 7148 7188 7030 11974 12044 7073 1028 1206 12771 10844 10745 12796 14179 4961 12836 16850 
1 4 16234 16233 17001 16226 
1 4 16891 16876 16140 16850 
1 5 16226 17032 17051 17033 11974 
1 3 1064 12071 7073 
1 3 1068 4055 7011 
1 4 7011 10073 12091 4076 
1 3 7011 12049 1155 
1 3 7011 10005 11964 
1 5 7011 3996 992 1071 16302 
1 3 16302 16295 16293 
1 9 1071 11910 16305 10127 5078 4060 7206 13078 12025 
1 13 16891 16133 16848 16835 16120 16782 16105 16751 16107 16111 16114 16768 16113 
1 8 16113 13749 16747 16099 4978 16708 13747 2081 
1 6 16113 13749 16744 1473 16717 16700 
1 4 2081 13747 16701 16704 
1 2 16734 16744 
1 2 16122 16114 
1 5 16122 16821 16824 16855 16883 
1 2 16133 16847 
1 3 16847 16875 16883 
1 4 14175 16158 16172 16924 
1 5 16924 16878 16854 16821 16122 
1 2 14175 16902 
1 7 16700 16690 16684 13744 13840 13838 1974 
1 6 2081 9152 16682 13741 13838 1974 
1 6 12881 10743 14172 16102 12723 13440 
1 4 12881 10743 10784 2088 
1 8 12881 14173 12806 14166 16094 12744 14159 14149 
1 3 14165 14168 14166 
1 2 12862 16102 
1 2 14178 2088 
1 3 2088 2003 12725 
1 3 12881 14177 4961 
1 2 14178 14179 
1 6 12725 1977 7939 5069 4068 1064 
1 4 14151 14155 14164 14165 
1 2 13440 12766 
1 5 4985 14608 13439 8043 12766 
1 4 2003 5047 5091 12766 
1 5 12862 4918 14153 14157 14149 
1 5 10775 13513 8036 11013 10955 
1 8 12991 13421 5065 13425 1964 4909 13432 13434 
1 2 2020 5065 
1 3 13420 2063 2020 
1 3 13420 10928 12991 
1 6 12991 10928 13419 13417 12941 13416 
1 2 13416 10761 
1 5 13416 10976 14035 14034 5210 
1 4 10761 12927 14039 1939 
1 6 13215 5010 13520 13521 5097 13525 
1 4 13525 16087 1984 2040 
1 2 2040 12862 
1 3 1984 2072 12766 
1 4 13523 16076 13522 13525 
1 6 5068 13435 10833 12759 10921 13434 
1 6 5210 8183 2196 15369 8201 12944 
1 2 12944 2202 
1 3 8245 5177 12935 
1 2 12935 2120 
1 2 15295 2202 
1 5 15295 15304 10845 15325 10988 
1 3 15295 15312 12944 
1 3 10988 14098 16495 
1 3 16495 15416 15494 
1 2 15494 15409 
1 4 15494 14109 4171 9962 
1 6 14109 10932 11017 2206 14108 8183 
1 3 12911 15419 2196 
1 2 8205 2196 
1 5 8205 12967 15336 15340 10988 
1 3 12911 14102 15409 
1 2 9962 2220 
1 3 4171 14027 14029 
1 3 1939 10860 14038 
1 2 1939 14041 
1 9 14041 5160 10962 15938 11145 15967 10859 14123 14133 
1 2 14029 12989 
1 5 14029 14032 8223 14117 10859 
1 4 14117 7996 1953 16000 
1 4 16000 14180 10764 15999 
1 2 10955 5068 
1 4 5221 15281 14056 15298 
1 2 15283 15281 
1 2 15274 5221 
1 4 697 15279 12504 15274 
1 3 14051 12504 15274 
1 3 697 15279 14051 
1 7 14051 10538 14049 15254 15259 15263 15256 
1 6 15256 15252 15258 12391 14349 14350 
1 2 15270 15263 
1 2 15280 15270 
1 4 697 14054 14048 15278 
1 5 15258 15262 2126 10966 14358 
1 5 5158 14364 8248 14365 15405 
1 2 5158 14358 
1 3 15280 14352 15278 
1 3 15280 14355 2126 
1 5 15334 14435 14431 14058 697 
1 6 15331 15311 15300 15287 14048 15278 
1 3 15337 1929 15334 
1 8 15337 15346 15332 1846 15320 15301 14056 15298 
1 2 1846 16495 
1 4 14447 15411 15368 15337 
1 4 2115 10968 8219 15405 
1 5 2115 13806 13809 14453 14458 
1 7 2115 13806 13808 2192 15795 13770 3109 
1 9 2115 12975 13765 13766 13768 5139 8244 15913 5036 
1 2 6039 5036 
1 8 2115 13806 13809 13810 15744 15779 13813 15861 
1 5 14458 14456 15710 7219 15831 
1 4 14453 12945 14442 10025 
1 4 8054 14448 10968 2115 
1 3 8054 14438 10025 
1 3 14442 4128 15536 
1 4 14447 7161 4941 2220 
1 4 4941 1181 12783 15848 
1 4 15848 2154 15873 14476 
1 3 15848 15868 15899 
1 2 16000 15981 
1 2 15981 16314 
1 5 15910 15885 14472 14467 15831 
1 4 15702 15658 15608 15536 
1 3 15867 15881 15910 
1 4 15331 15335 15358 14442 
1 8 14151 14148 10857 14145 13842 13841 13835 1974 
1 7 15999 15996 13823 13822 13829 13831 1974 
1 3 14133 14141 14149 
1 3 15861 7931 14477 
1 3 15702 15713 14463 
1 8 6039 10831 14548 14550 14549 4952 14554 2050 
1 4 2050 14555 10919 1951 
1 11 13630 15119 16720 2100 13960 13958 13957 13954 13653 13651 7959 
1 5 7959 13649 8006 13648 13966 
1 5 13966 13967 13969 13970 8122 
1 11 13792 12742 13789 13963 13968 13961 13962 13648 8006 13649 7959 
1 7 7959 13651 13652 16680 13655 13956 13958 
1 4 13655 13656 1909 12858 
1 3 2100 16706 16711 
1 4 16692 8008 13957 13954 
1 4 8122 13797 13798 8039 
1 3 13796 13800 8039 
1 3 8039 14005 14006 
1 3 13797 14003 7983 
1 2 5045 16692 
1 7 16786 16763 7950 16718 12707 12762 16686 
1 2 7950 14009 
1 3 14014 4927 7983 
1 2 13792 13793 
1 2 12785 1951 
1 4 16801 10780 16753 13754 
1 7 16801 16123 16132 16137 16170 16173 16948 
1 13 16801 10780 16115 16795 16110 16119 16790 13761 16793 14020 5101 1975 13756 
1 3 16119 16815 16831 
1 6 14570 1891 8028 13759 16108 16790 
1 2 16129 16831 
1 3 16197 16193 16948 
1 7 16193 16984 17007 17027 16255 16253 16239 
1 4 16831 16129 16867 16910 
1 2 14570 16686 
1 2 16786 16771 
1 2 16771 7954 
1 4 16786 7930 16811 16846 
1 10 16870 16877 16880 10917 16871 16862 16881 14024 16887 16907 
1 3 16872 10917 16904 
1 4 16872 16858 16840 16842 
1 4 16862 16836 16810 16791 
1 4 16791 16781 16774 16752 
1 5 16846 16144 16888 16156 16907 
1 4 16791 16797 16779 16798 
1 3 16779 16762 12838 
1 3 7954 16755 12838 
1 3 16798 10788 16786 
1 3 16859 16838 16846 
1 3 16857 16851 16887 
1 4 16937 16942 16914 16907 
1 3 16964 16942 16914 
1 6 17022 16994 16978 16952 16922 16904 
1 3 4920 17046 17022 
1 8 16974 13230 16933 16917 10814 16906 10917 16904 
1 2 16877 10814 
1 3 17022 17025 17023 
1 6 9945 13236 12087 4199 7215 13234 
1 6 13234 12100 989 4116 13872 13074 
1 3 13872 3991 13868 
1 4 12100 4097 7173 13672 
1 6 17103 7908 8046 4933 1152 13672 
1 2 17103 17096 
1 4 17096 17087 17088 13855 
1 4 13868 13864 16985 17122 
1 5 4046 13880 11939 1145 9964 
1 6 9964 1013 12760 11923 7132 13074 
1 8 4046 10078 12051 7081 1160 4163 9994 11969 
1 7 17122 1967 13861 17113 17102 17105 17108 
1 2 17102 16299 
1 3 17102 13857 17094 
1 3 16299 16290 17083 
1 3 17083 17043 16253 
1 5 16971 16219 16232 17011 16239 
1 4 16219 16227 16211 16210 
1 6 13855 16277 16271 16240 16216 16210 
1 2 16271 17039 
1 4 17023 10838 17024 17026 
1 2 17035 17026 
1 3 17035 17065 17087 
1 3 17066 16268 16271 
1 2 13869 17122 
1 6 1967 1126 7149 13077 7166 4046 
1 3 17108 16304 16306 
1 3 11969 7180 10091 
1 7 11969 13437 7162 11921 10026 7005 11957 
1 5 7005 12000 4992 17106 16306 
1 7 11957 12039 1189 1149 4194 7209 9980 
1 4 4151 1204 7082 12025 
1 5 4151 12094 10123 11954 4120 
1 6 4120 1127 1198 4057 13073 10046 
1 5 10046 4047 1041 1118 9980 
1 3 13998 12009 9980 
1 3 17091 13993 13073 
1 2 1198 13992 
1 3 9977 1186 12025 
1 7 17028 16256 17053 17067 17078 17084 13992 
1 4 9977 4133 4200 13992 
1 2 17028 16241 
1 6 16976 7987 16203 16988 16224 16241 
1 4 16902 16159 16184 16976 
1 7 16902 16901 16161 16920 4902 16188 16197 
1 3 17027 16236 17018 
1 6 16267 16276 16285 17086 7076 13992 
1 3 16234 16252 17028 
1 4 16293 17077 17079 17051 
1 6 16891 16925 16953 16979 16217 16234 
1 8 1974 13827 13824 13821 13817 13773 15905 3109 
1 5 15145 15146 13314 13309 8085 
1 4 2089 15145 15114 8085 
1 4 8085 13309 13313 15144 
1 5 14299 10797 14310 4959 7982 
1 3 4952 1992 8021 
1 11 15266 14273 14274 5128 14275 13496 8124 10993 8182 8246 14266 
1 8 14269 14249 13499 14272 13501 13894 13751 14273 
1 3 14271 14263 8124 
1 3 13893 13503 14273 
1 3 13751 13503 13893 
1 6 15274 14052 13543 2216 13541 13537 
1 8 14350 14349 12391 5189 13463 13460 10957 4879 
1 4 15256 15248 12519 13463 
1 4 4879 13452 13450 13454 
1 4 13450 13447 15223 13445 
1 8 13445 13443 13442 10442 10415 13381 13376 12589 
1 4 10442 13391 13387 15228 
1 5 1833 13382 13383 13385 13387 
1 3 4696 4822 13385 
1 3 13385 5231 12648 
1 8 12648 13392 13399 12064 10400 13409 13412 8214 
1 2 15228 13392 
1 5 1468 13389 13390 13393 12064 
1 3 1833 7576 1468 
1 3 13409 13406 13408 
1 2 13412 5106 
1 3 13537 7842 2151 
1 7 2151 13530 13529 7605 13477 13476 8214 
1 2 10525 7605 
1 2 13533 13529 
1 3 13540 10929 2216 
1 3 13540 13536 13533 
1 3 4851 13532 13533 
1 2 13477 12963 
1 4 5106 13411 10566 15231 
1 2 13411 13408 
1 3 13408 7900 8178 
1 3 2202 2123 5164 
1 3 12986 15296 15325 
1 6 12986 15277 15269 15265 15260 2216 
1 5 15260 15257 15251 5155 2120 
1 6 12857 13667 4022 1989 17109 8046 
1 5 7069 13670 10023 10107 17109 
1 12 3938 3858 6993 11870 9812 7213 11737 3954 6836 9797 854 6927 
1 12 3938 3794 939 3874 6907 920 3725 11840 729 11692 6955 758 
1 4 6734 9689 11677 729 
1 11 4135 7153 10009 7198 10111 3871 6896 9778 11863 858 3938 
1 2 4135 9945 
1 7 4135 7153 9979 7068 1176 11956 12038 
1 13 12038 4065 7111 1093 9889 6959 6906 9896 6817 3873 6966 6812 9797 
1 4 11884 1093 4098 10024 
1 3 3938 14961 9767 
1 2 9767 3858 
1 9 858 3986 11780 6866 6902 3886 6986 11768 11805 
1 2 11805 970 
1 7 11805 924 3798 6924 9817 11673 6734 
1 2 6867 6907 
1 4 7183 1178 875 3871 
1 5 6880 12070 9815 4080 7183 
1 5 6880 9765 6933 980 970 
1 4 6927 854 9764 6812 
1 2 3816 11737 
1 10 3938 3858 6993 6841 3859 857 884 3902 3735 6756 
1 2 3933 6756 
1 7 14875 11707 6749 9703 11688 740 6756 
1 2 885 884 
1 3 11825 918 6907 
1 2 3727 3725 
1 3 729 3744 14875 
1 2 872 9797 
1 3 3898 6865 9797 
1 6 3933 3737 743 9710 6777 9737 
1 5 872 11819 11793 9813 3816 
1 4 3898 11779 854 6927 
1 4 3898 3899 897 872 
1 3 3898 6915 9853 
1 8 3898 6931 3915 12169 11699 6759 6762 9737 
1 14 6931 943 3948 755 9734 9751 620 3626 651 9629 6688 6518 9725 9523 
1 7 9523 6547 3509 3495 503 11465 15216 
1 5 15216 9510 6536 542 3552 
1 7 9523 9534 6585 11420 9500 3536 575 
1 11 6583 9418 9444 13081 9536 6504 3476 454 6585 9534 9523 
1 8 6583 3629 11502 11516 11642 6698 9642 3646 
1 5 6583 11435 11470 11494 3547 
1 4 516 13068 3516 9444 
1 6 516 13211 3576 13266 6446 575 
1 5 516 6598 3262 9498 391 
1 4 391 6241 6286 9335 
1 4 6496 11456 391 68 
1 2 6336 9335 
1 2 3211 9498 
1 4 9431 6598 6560 3576 
1 3 13068 9574 6496 
1 2 11562 9574 
1 4 11562 6537 3488 6583 
1 3 6583 9559 11516 
1 8 9559 5291 6545 3546 11549 11518 11506 9523 
1 4 11516 11502 1346 9503 
1 3 11516 521 678 
1 5 11596 3671 6533 512 9725 
1 4 6657 655 3659 11596 
1 4 9737 11565 9597 6657 
1 4 15216 11616 11600 6657 
1 7 3552 6572 9525 11508 9550 3579 6449 
1 4 3579 15177 15178 11535 
1 5 11535 6599 9434 485 11420 
1 2 11563 9434 
1 2 11483 13266 
1 2 11483 6504 
1 2 11548 575 
1 6 6688 11611 9609 9607 9748 590 
1 4 9748 3770 6786 6613 
1 8 3646 6668 6639 6784 3768 3762 11875 11834 
1 4 9909 3928 956 11834 
1 7 11834 11849 11877 9898 6960 3946 9853 
1 2 6766 3948 
1 2 6766 12169 
1 2 3652 9642 
1 2 11732 3546 
1 2 6668 6666 
1 17 9600 13367 3662 11587 11568 773 3776 11734 6606 782 9924 9879 3885 15074 11751 9904 15072 
1 5 663 13371 11604 9618 3612 
1 3 9638 11604 636 
1 4 6666 9622 6683 636 
1 5 663 11623 13369 658 3662 
1 2 13367 13369 
1 5 9618 13368 661 3641 9600 
1 3 11640 3679 6934 
1 3 678 9638 11640 
1 13 6521 3499 9456 6487 11468 11402 6513 564 11533 3524 9486 14539 11494 
1 6 11360 11264 247 405 3355 6513 
1 4 3547 587 13264 9522 
1 6 13264 6469 495 6535 11388 9509 
1 3 11431 9509 405 
1 4 3499 6441 14967 514 
1 3 11432 6559 514 
1 6 3499 375 3367 3258 293 9388 
1 10 3499 375 11219 9294 11305 11331 6389 317 11366 332 
1 2 11251 332 
1 9 11366 13764 3231 3368 9347 6325 6349 3326 14965 
1 4 14965 241 336 11360 
1 2 14964 3326 
1 3 6377 526 11402 
1 2 3522 6487 
1 9 9486 6488 589 6568 3530 9517 11486 694 6934 
1 5 11531 14694 563 3558 3530 
1 4 11531 14695 9575 11470 
1 4 563 11547 11560 589 
1 2 11431 11533 
1 6 9517 11499 3690 708 6693 692 
1 4 692 11653 9515 3299 
1 9 11544 9416 11404 9441 6501 3535 11545 14968 3499 
1 5 692 3705 3299 571 11544 
1 7 9515 3541 3571 9555 6418 6440 11432 
1 3 6582 3535 9471 
1 3 9557 9572 11544 
1 4 11305 11276 321 9388 
1 3 14967 478 11415 
1 3 3258 349 6282 
1 3 6325 6263 6377 
1 4 9294 9238 14969 3522 
1 4 6521 14838 11505 9496 
1 10 3544 6259 3230 243 279 11260 9277 6309 6390 6282 
1 8 3544 9400 9508 493 9439 9532 3460 6558 
1 5 3460 9470 3438 3572 11415 
1 4 9496 537 6236 6309 
1 2 9496 11415 
1 5 3438 9470 3510 15109 9570 
1 7 6464 10440 3586 11532 3482 9400 3544 
1 2 9427 3586 
1 3 13219 9412 9427 
1 3 3458 6511 3544 
1 7 6332 14542 11245 9346 9290 6567 3544 
1 3 9361 9277 6309 
1 5 362 389 3324 3295 3230 
1 9 11343 9263 362 13265 3380 6402 14542 6332 11265 
1 3 9570 6462 9511 
1 2 3458 3559 
1 3 442 6499 6522 
1 2 3458 6416 
1 3 3458 562 6499 
1 2 9346 6375 
1 5 11301 290 402 524 3544 
1 4 290 9544 11466 3392 
1 3 6332 11265 3288 
1 7 3288 6314 3354 6342 6222 15110 9340 
1 5 3320 9404 9357 530 6222 
1 8 9340 9240 9317 11291 3174 83 567 3152 
1 2 83 185 
1 5 3152 11426 11127 11443 4640 
1 4 11426 9079 6099 9221 
1 5 9340 10323 11222 7482 310 
1 2 310 233 
1 5 9357 9438 9246 11358 310 
1 2 3354 9483 
1 6 6342 3194 3296 3319 9262 6314 
1 3 11222 319 13267 
1 5 310 6459 9275 222 13267 
1 3 6281 327 3320 
1 2 11312 6281 
1 4 11202 415 13267 319 
1 7 3151 6174 11032 9098 3053 11097 11202 
1 7 13267 222 9275 11259 9386 387 11234 
1 7 233 11342 9295 14594 6340 277 11370 
1 2 3320 9295 
1 2 3320 6413 
1 6 11301 347 13721 3393 3366 6413 
1 6 6375 9372 15068 11386 3254 11312 
1 3 11542 14679 6418 
1 5 11542 9421 9429 3462 9414 
1 3 3462 494 583 
1 6 11542 9569 11556 569 13636 3569 
1 6 13636 3553 15104 6590 9567 13219 
1 3 6464 9567 6590 
1 5 3569 557 6739 14225 11666 
1 4 9665 11651 13207 11666 
1 5 11666 13207 704 9679 9648 
1 7 6626 11595 3631 9596 596 9646 9648 
1 7 671 11615 11618 9636 6678 6680 11623 
1 3 688 3684 9665 
1 3 3673 9646 9648 
1 3 9660 684 6700 
1 6 9660 11663 9676 6720 686 9661 
1 3 9661 14220 11666 
1 8 13634 3565 6573 9537 6561 11679 11663 9660 
1 9 13634 3565 3730 6735 11659 11644 9656 679 6700 
1 4 11610 9643 6670 6700 
1 3 9692 14220 11666 
1 2 9692 6720 
1 6 9692 541 3484 9551 9567 6590 
1 4 9692 9539 11511 3553 
1 3 9692 3716 11679 
1 2 3581 6573 
1 3 6499 3410 3581 
1 2 13634 746 
1 2 746 9704 
1 2 6751 6573 
1 2 596 665 
1 2 9627 9596 
1 3 6626 599 11564 
1 2 11564 14536 
1 7 14536 591 11901 984 3924 13601 11816 
1 5 6889 13603 3868 13601 11816 
1 2 11581 596 
1 4 11581 3592 3601 591 
1 5 11581 624 9595 6647 11577 
1 4 11577 11574 6799 11899 
1 7 9809 13600 6913 937 3956 9599 11586 
1 6 9874 9890 3939 3984 11583 11586 
1 5 11586 11580 3617 9621 6700 
1 4 11583 6998 9906 11887 
1 4 11887 11868 13609 949 
1 3 9906 9874 3882 
1 3 6998 6970 3939 
1 2 6889 13597 
1 3 13597 13596 9809 
1 5 13596 9780 9914 3884 11767 
1 3 914 3914 13643 
1 7 13643 863 3864 976 1109 13639 4109 
1 7 7127 13639 1109 976 3864 13642 3973 
1 4 4109 3988 7211 4193 
1 2 976 1205 
1 5 863 6930 3844 10163 11818 
1 8 11818 3936 9930 11774 13646 11905 3893 11842 
1 4 9783 9919 9888 11842 
1 7 9888 13608 6814 6952 6982 3908 949 
1 2 6982 6923 
1 3 6982 3952 3796 
1 4 9783 11597 657 9635 
1 3 9612 6658 9617 
1 7 9635 687 3704 3701 9683 6743 13676 
1 4 9617 3663 11619 690 
1 5 9617 674 11636 3076 9635 
1 6 11636 6706 6729 6747 3741 9716 
1 6 690 9668 9670 6731 11676 746 
1 7 11659 3696 696 693 6711 6714 11676 
1 9 693 3694 676 6679 11605 637 3639 3636 9617 
1 4 637 6652 11588 3796 
1 6 11586 11583 6634 630 11657 6652 
1 5 3696 6697 6682 11608 9606 
1 2 9704 9548 
1 4 11411 11550 3743 9548 
1 3 13679 11705 6600 
1 3 6600 3577 9716 
1 4 11586 3614 614 9606 
1 13 3959 9909 11891 3772 6788 6973 13255 6946 910 6875 6862 15074 15072 
1 7 6780 3782 776 13256 3780 969 773 
1 18 15072 11846 15071 9826 15103 15101 851 3968 10027 3901 12066 9990 4159 15099 1156 3857 15098 10074 
1 4 4159 15099 14589 4014 
1 5 3968 6972 9784 15100 11837 
1 2 12098 3901 
1 3 819 15103 955 
1 8 883 6939 3966 6831 963 13252 15073 9904 
1 4 13252 3910 11790 925 
1 3 6946 9907 9879 
1 2 9752 6606 
1 5 11584 14578 14577 603 3776 
1 5 603 9598 11598 9630 11618 
1 3 11584 14578 628 
1 2 6626 628 
1 3 6788 11726 13256 
1 2 11773 11874 
1 7 11503 11285 13725 13737 360 11216 11370 
1 5 11503 560 6415 11528 3392 
1 5 11370 294 6220 9241 11241 
1 8 11370 216 6292 3350 6373 6319 9249 3568 
1 2 6319 9288 
1 3 6319 3293 6232 
1 4 11241 11220 6354 11271 
1 4 11241 11220 223 306 
1 5 11325 371 398 3390 3335 
1 4 387 6293 11353 11241 
1 4 3568 14318 489 525 
1 3 11411 6483 11479 
1 4 11479 9468 3434 6522 
1 4 11479 9558 13546 572 
1 4 572 474 3496 11503 
1 11 11479 491 9454 3483 6509 3457 9533 11514 550 504 525 
1 3 3457 3511 11543 
1 9 525 11557 582 3584 6605 9413 3557 11397 418 
1 7 525 3494 11438 458 3452 6451 11561 
1 9 525 3494 11454 488 3468 6478 9433 11437 11405 
1 8 525 3494 11438 434 6597 11703 9698 11670 
1 12 525 3494 11454 488 3468 6478 9433 11437 453 486 3466 6474 
1 3 6474 6505 9461 
1 3 525 3543 550 
1 4 3580 6543 6481 418 
1 9 9417 11418 484 509 3489 9474 6527 9504 3529 
1 2 11450 11418 
1 2 3421 6474 
1 3 13251 6704 3686 
1 8 6704 9677 9680 6741 11668 3760 3720 3734 
1 5 3734 3752 765 11559 9417 
1 9 11561 14488 3573 767 9712 568 3722 6724 13251 
1 3 3755 737 568 
1 2 11546 11703 
1 2 559 9413 
1 6 6517 11500 6577 9579 6477 413 
1 2 6474 3479 
1 3 9531 3491 3479 
1 2 564 9524 
1 3 11032 11139 117 
1 2 14696 3151 
1 14 6380 14316 11282 3358 11250 3215 11315 2999 187 110 6086 6154 71 117 
1 11 6380 14316 11282 9302 366 6303 287 6367 3235 9287 11234 
1 9 6380 14315 6348 3263 11300 11235 11284 6252 3335 
1 11 6380 14315 3391 3327 274 335 11254 9272 6387 3362 306 
1 12 6380 6414 9348 9282 9395 9266 9313 6279 3199 6398 6341 413 
1 20 6380 6414 9348 9282 11268 9330 3356 9273 9245 11381 11351 340 471 6587 544 487 579 3582 5011 3529 
1 31 6380 14313 301 11362 6316 9311 3370 3268 6392 6299 11375 6327 9325 3383 3282 9259 3315 6338 260 9336 228 6323 9385 6368 7237 291 12130 10142 10329 1233 9292 
1 4 10142 7320 10133 1821 
1 10 6380 14316 6283 9345 231 6101 11166 9188 6143 3124 
1 2 6101 121 
1 7 121 3220 3116 6247 6269 357 3268 
1 16 6380 14316 3259 344 9256 3323 6022 85 11084 9153 11093 9107 6169 9082 3084 11159 
1 17 11159 9118 6094 11092 155 11175 6021 170 11045 86 3008 9162 3121 6181 9201 11117 3134 
1 8 14185 11237 285 7377 11293 3359 3242 3379 
1 4 14184 9405 7394 14185 
1 3 6289 9284 7394 
1 3 385 11303 3359 
1 16 11333 11221 296 3353 9250 11297 11317 11270 351 11299 11378 9392 9383 6300 3150 11136 
1 3 13729 13070 3501 
1 2 13729 11333 
1 4 11333 221 271 322 
1 6 11333 9239 6221 6378 3241 377 
1 2 377 407 
1 8 11333 507 9458 6489 3422 3463 540 6526 
1 3 11471 3369 3241 
1 7 11333 9239 9268 11279 6237 3205 6384 
1 5 6221 6270 9297 11345 3205 
1 7 6384 6335 6399 11332 11218 6320 3273 
1 2 9392 6320 
1 4 6237 9315 9269 11317 
1 4 6384 6318 9379 9269 
1 2 9335 11318 
1 7 6287 14841 6393 3260 3374 15075 11251 
1 2 3325 3374 
1 4 332 3277 6364 6235 
1 2 6287 9279 
1 3 9279 14406 6345 
1 5 6345 9362 6412 3307 383 
1 11 9279 14406 9300 9410 242 6148 11390 11380 11082 161 6050 
1 2 6050 9149 
1 14 9149 3182 11091 3045 11147 11040 9151 205 130 9088 182 3113 6132 11201 
1 3 35 11163 9149 
1 4 9209 6311 9393 11380 
1 6 383 6310 171 11151 3171 6115 
1 10 53 6176 11367 9296 11176 6151 3129 9174 14 6115 
1 8 11367 6176 3105 137 3192 65 6145 122 
1 13 6145 11198 3090 3188 188 9127 3180 102 6136 6114 11113 6118 3022 
1 7 158 11121 195 9156 3172 11065 3122 
1 6 3122 11126 3117 169 6066 3083 
1 6 3083 9194 11211 6108 13662 11105 
1 6 11105 6009 67 6163 9160 9056 
1 2 6163 3137 
1 7 11105 6009 204 9183 11056 6082 9206 
1 5 9206 9100 9150 3151 14696 
1 4 9100 13663 3060 3151 
1 5 6082 52 3131 37 6033 
1 12 158 11081 30 9223 6137 3156 11030 6128 6183 11142 9140 13665 
1 5 3156 197 11085 9123 3121 
1 21 11225 9299 6302 3276 286 3317 9286 11309 9324 3266 275 11258 314 11294 11248 11379 11268 9282 9348 6414 6380 
1 3 324 9286 9258 
1 3 9338 6302 6226 
1 2 6404 9299 
1 8 3578 6539 9475 6506 6602 3555 3529 11474 
1 2 3578 11523 
1 8 3529 11484 6575 11395 11460 6601 9577 6502 
1 2 11523 11460 
1 5 6502 6339 9365 6275 11225 
1 8 11474 520 6516 6486 9455 11429 6620 9753 
1 12 3529 498 3439 9426 11566 759 3746 11693 11661 6733 9647 685 
1 11 759 745 728 6730 6701 3668 4463 7624 4458 7495 7661 
1 6 685 9632 4605 6669 3656 10403 
1 11 11668 719 717 1455 9663 11647 11617 11599 772 3653 7454 
1 2 3653 3656 
1 4 3421 6445 9430 9417 
1 3 3489 6490 3443 
1 5 3734 3720 3717 6738 735 
1 3 6738 9694 11696 
1 6 9694 11678 731 6718 9647 685 
1 2 11678 9649 
1 5 11674 11645 4545 7495 7661 
1 7 9628 14366 670 3672 666 3682 3668 
1 2 9628 9632 
1 4 12309 6671 6669 3658 
1 4 2133 12441 9702 6669 
1 3 12320 12380 12441 
1 2 11724 3746 
1 3 413 6341 6369 
1 10 3580 11244 11310 11368 11242 3292 6262 6396 6290 9348 
1 9 6380 14315 6348 3377 382 246 300 9411 9355 
1 6 14315 3391 9302 366 6303 11349 
1 2 6245 6022 
1 3 9131 11189 3124 
1 2 3190 3116 
1 2 9389 6299 
1 10 9292 1327 1292 1775 1294 12521 4780 7800 1709 10696 
1 5 10696 12679 1733 1860 7825 
1 11 7825 7274 10652 4665 1369 7822 14422 4711 4690 7731 4680 
1 7 15197 14871 12590 7693 1818 12564 1864 
1 2 10649 14422 
1 7 7731 12625 7703 1810 10543 4797 1727 
1 4 10543 4797 4837 10528 
1 5 10528 7816 10658 4705 1672 
1 7 1672 7786 4677 4719 7743 4745 10638 
1 6 7763 12654 1802 4246 4701 12263 
1 16 7763 1739 4847 1807 1772 10598 4810 12518 12551 12683 14395 1865 14397 14396 1823 14094 
1 5 14094 1839 14377 12522 4728 
1 3 12352 4576 12446 
1 6 12446 1322 1820 1755 1742 7868 
1 7 9259 6307 9402 11263 6383 9370 6124 
1 3 9385 6388 6278 
1 2 10301 9385 
1 3 291 273 1305 
1 6 6278 12244 1365 390 4372 7375 
1 3 7375 1754 12527 
1 3 1821 12567 7228 
1 4 14995 1387 10542 1292 
1 3 7789 7861 7274 
1 4 4665 7757 4789 7789 
1 4 4724 10639 12563 10649 
1 25 3338 14836 3075 11089 11042 3081 6193 6088 6199 11074 6166 72 3157 6097 11189 3124 6143 9188 11166 121 252 6356 6283 14316 6380 
1 8 14836 9041 16441 14834 16444 3147 16466 16475 
1 7 3618 464 615 11578 3622 9592 9753 
1 10 11225 11377 3216 3385 1350 12242 12128 4322 1254 4294 
1 9 4294 7341 4394 12227 12198 12170 1331 1272 10220 
1 6 10220 12121 1243 10179 4232 7425 
1 9 15171 15172 13220 10357 4482 10742 14693 9605 1573 
1 12 1573 13360 13362 10420 4636 7597 10508 1312 1243 10179 4232 7425 
1 7 12324 13364 13365 1614 4618 1532 10420 
1 4 12333 12491 1493 12324 
1 6 11701 4523 7641 12454 10435 13364 
1 5 3618 9453 642 475 4523 
1 6 4394 10253 12179 12235 11591 9453 
1 8 566 9526 11473 6491 11524 6523 9469 464 
1 4 10284 10168 12143 12170 
1 3 7328 4411 10284 
1 5 7328 4311 4265 1258 1305 
1 3 7425 12152 1879 
1 3 7874 12619 1418 
1 2 7874 4780 
1 6 1418 7298 10211 14199 10239 7425 
1 7 1879 10235 7350 4661 10584 4867 1864 
1 8 1483 10601 10148 1459 4686 12397 7597 4636 
1 6 9605 7639 12722 1384 10205 7224 
1 5 10148 10488 10187 1216 1384 
1 2 1216 7775 
1 5 10601 10530 10408 1825 12583 
1 2 12340 12397 
1 3 1825 1591 4768 
1 2 14188 1591 
1 2 4768 4828 
1 3 5016 15191 1483 
1 3 10202 7708 4661 
1 3 1794 4734 7825 
1 11 3022 6118 11113 6114 6136 9135 11135 27 144 9103 6115 
1 6 6187 6041 107 9132 6038 3022 
1 2 205 11129 
1 6 11201 9143 6161 3062 11190 148 
1 2 9510 11508 
1 3 170 6096 11054 
1 7 7789 12174 10617 4827 10533 1726 7837 
1 8 13929 13918 13908 13904 13899 10632 12539 10629 
1 5 13929 4801 12605 7717 4837 
1 10 12524 14858 4704 12598 10560 1781 4786 10689 12669 12539 
1 5 10560 1855 10563 4777 13927 
1 11 4847 1730 1845 12660 14484 12543 12556 10643 1826 7751 10658 
1 15 3778 4270 7345 4417 10230 10174 1284 12291 4362 634 12289 1424 7304 7644 7361 
1 3 7345 4345 1341 
1 3 12149 10320 4417 
1 11 12505 7758 14209 12698 4720 4787 7683 10715 7807 1356 12149 
1 12 3778 3635 3608 605 9580 6797 3775 3763 11695 722 9667 6710 
1 6 3775 9583 9585 11728 3640 9467 
1 12 9467 12278 12582 602 777 10718 4775 7899 1769 4875 4426 4872 
1 4 1408 4413 7753 7677 
1 2 13091 4848 
1 5 4848 10707 13203 13066 13202 
1 11 13202 1799 10548 4870 10273 1393 1408 4428 10157 7315 7386 
1 3 1214 7259 1393 
1 13 7386 10271 3513 4328 528 11733 6482 781 6772 6745 6681 677 3678 
1 3 3678 3677 9671 
1 2 781 3588 
1 11 3677 15207 7517 6861 11763 4518 941 10483 11795 823 1562 
1 3 823 11757 9814 
1 2 9911 4518 
1 3 1562 12461 14078 
1 7 12461 1892 12859 7964 8119 12736 14077 
1 23 10980 12334 8148 7476 12923 8140 5208 5151 12947 12913 12999 10874 2035 14503 14506 10934 14511 14515 14931 14933 10879 14938 10767 
1 14 14931 8050 15056 10792 12729 15055 2007 8075 12798 5051 14343 11020 5120 2156 
1 35 2156 2212 14779 14777 5190 14774 14772 14767 10940 14761 14759 2210 14754 14753 14752 14618 5131 14617 8231 5146 8195 8253 14727 14724 2136 14718 14714 5152 14650 5184 14647 12998 14641 12494 12321 
1 24 12321 12494 1596 10418 10390 14651 7500 5163 2172 14658 14660 5213 14698 14700 2152 12901 4587 2109 11008 10947 10513 10432 5172 10980 
1 12 12321 10981 12349 14635 14633 10953 12952 14614 5173 5201 5209 11009 
1 19 5201 8218 8198 10961 2161 5118 5169 14621 5121 8251 12984 14624 8229 650 8222 2179 14717 12928 14724 
1 16 5131 2174 14880 14876 2224 14877 10944 12943 14702 12922 14516 14517 12951 2181 10945 8140 
1 3 12951 8224 4587 
1 15 10980 12334 8226 7589 4570 12909 12903 10419 8197 10946 8143 1524 5182 10967 1446 
1 8 1446 12961 7561 2164 5153 2150 12913 12999 
1 12 10874 14510 14513 4980 4934 1928 13685 13686 13689 12716 14934 14938 
1 12 12823 13093 12865 10728 14069 1988 12878 14065 4611 14044 4624 14046 
1 2 14046 7617 
1 10 7617 7630 14047 14045 15085 15083 10494 7936 10846 2007 
1 6 12878 13087 13092 12738 14068 12865 
1 3 2031 14071 10728 
1 4 12823 14070 10886 14072 
1 8 14072 14981 12753 8236 10773 8089 15040 1965 
1 7 1965 15042 7913 4956 2083 14999 5015 
1 5 1965 15040 8089 12810 15008 
1 3 15008 15007 10889 
1 4 15008 15009 15043 10732 
1 8 1965 12755 2011 15047 10172 15011 7921 10895 
1 15 10895 8057 13717 1945 4977 4908 10848 2069 12833 1892 12859 7964 8119 12736 14077 
1 2 2069 8012 
1 4 15000 7973 14998 14999 
1 2 14997 2083 
1 3 10172 15048 4956 
1 3 14999 12369 6785 
1 28 6785 2042 4884 12410 13620 1500 12486 4577 6968 5001 1503 10355 1646 7797 10615 10824 10281 1758 10657 913 9779 4627 7466 7646 10343 3823 873 3957 
1 2 3823 865 
1 13 9786 13344 6845 3863 6882 13353 6911 9850 13208 3906 6732 3712 3732 
1 6 9786 6892 9758 6984 13209 873 
1 3 3957 13209 6984 
1 35 3957 951 11873 10343 7646 7588 6971 7547 9727 12568 4988 6974 4402 10586 4540 12346 12463 10370 1534 9802 4811 4740 10340 4586 1738 12627 9792 7999 7818 7821 850 11814 8115 11876 823 
1 18 3513 12183 4826 7721 12607 9695 10582 4865 4668 10535 6740 3869 7780 11772 4830 10606 3708 10676 
1 4 4865 10662 4742 7818 
1 15 10676 10333 10516 7449 4590 1527 10339 7611 9682 6713 9654 11637 691 11656 6710 
1 14 6710 9667 722 11695 749 11654 9664 9836 11817 6885 9804 3847 6929 3957 
1 13 6710 6769 6782 11685 11641 6713 9450 12312 11589 10478 9910 1831 10341 
1 8 1831 11971 4691 12577 1867 10719 10618 10685 
1 4 12577 7536 4807 1719 
1 15 10685 1752 12685 14228 4759 10706 7880 4857 1851 4741 1736 10602 7845 9616 7721 
1 5 10422 12134 4736 1862 12607 
1 3 4799 1651 850 
1 9 10740 10894 4955 8064 7836 7981 3960 9829 5001 
1 5 8012 5071 10809 8097 10740 
1 7 12627 9792 12552 4975 3883 3867 10740 
1 6 4811 1806 1618 6803 7945 5001 
1 21 1500 12313 4507 4535 7552 7524 15003 7480 10520 15005 11942 7640 12325 1433 12381 1572 12439 866 10489 9834 1843 
1 4 1843 1913 12752 7388 
1 14 12381 1480 11975 1547 10029 7012 7134 7138 10081 7045 11783 6943 11738 865 
1 2 12445 7045 
1 7 11942 492 7422 12735 12803 5059 10281 
1 9 6713 4437 4531 4508 1604 11635 10727 6974 4988 
1 7 4857 7760 4610 4794 4723 4760 4830 
1 5 1719 12550 1734 6767 7899 
1 4 10676 4757 1352 4811 
1 4 3869 1827 10588 12627 
1 4 4799 12399 1432 11763 
1 2 10422 12399 
1 4 10422 10159 3588 781 
1 4 10886 13085 14073 2031 
1 6 13085 14076 2077 4965 14598 14600 
1 2 15613 15642
1 2 10282 15759
