1 216 
1 294 
1 310 
1 442 
1 444 
1 458 
1 491 
1 525 
1 692 
1 872 
1 977 
1 1939 
1 2115 
1 2196 
1 2206 
1 2220 
1 3109 
1 3263 
1 3320 
1 3378 
1 3421 
1 3438 
1 3529 
1 3544 
1 3546 
1 3558 
1 3569 
1 3572 
1 3580 
1 3581 
1 3663 
1 3673 
1 3816 
1 5079 
1 5221 
1 6009 
1 6342 
1 6380 
1 6521 
1 6577 
1 6581 
1 6583 
1 6613 
1 6679 
1 6747 
1 6786 
1 6993 
1 6998 
1 8183 
1 8205 
1 9131 
1 9240 
1 9282 
1 9461 
1 9471 
1 9483 
1 9515 
1 9523 
1 9524 
1 9588 
1 9617 
1 9670 
1 9767 
1 9784 
1 9879 
1 9906 
1 10025 
1 10761 
1 10859 
1 10988 
1 11141 
1 11145 
1 11234 
1 11241 
1 11305 
1 11349 
1 11370 
1 11388 
1 11411 
1 11437 
1 11450 
1 11464 
1 11508 
1 11544 
1 11560 
1 11586 
1 11666 
1 12989 
1 13809 
1 13815 
1 14027 
1 14032 
1 14035 
1 14038 
1 14041 
1 14051 
1 14056 
1 14109 
1 14432 
1 14453 
1 14458 
1 14536 
1 15074 
1 15103 
1 15110 
1 15274 
1 15331 
1 15334 
1 15337 
1 15405 
1 15536 
1 15702 
1 15899 
1 15910 
1 15911 
1 15999 
1 16000 
1 10297
1 1324
1 1374
1 4613
1 10616 
1 15542
1 15988
1 4185
1 1124
1 10763
1 4251
1 15897
1 4619
1 7301
1 12360
1 1990
1 10413
1 7965
1 14993
1 12186
