state={
	id=1314
	name="STATE_1314"
	provinces={
		650 1555 1568 1596 1624 1639 2106 2136 2149 2158 2161 2169 2172 2174 2179 2199 2208 2215 2224 4573 4602 4643 5118 5121 5131 5143 5146 5152 5159 5163 5169 5171 5173 5184 5191 5192 5201 5209 5213 5215 5219 5228 7500 7550 7621 8161 8169 8176 8192 8194 8195 8198 8208 8215 8216 8217 8218 8222 8229 8231 8251 8253 8255 8913 10375 10390 10402 10418 10935 10944 10952 10953 10961 10964 10965 10975 10981 10985 10986 10992 11000 11001 11005 11009 11021 11022 12306 12321 12349 12351 12364 12379 12394 12409 12494 12914 12920 12922 12928 12942 12943 12946 12952 12954 12970 12978 12982 12984 12994 12998 13000 13086 14613 14614 14615 14616 14617 14618 14621 14622 14623 14624 14625 14626 14629 14630 14631 14632 14633 14634 14635 14636 14637 14638 14639 14640 14641 14642 14643 14644 14645 14646 14647 14648 14649 14650 14651 14652 14654 14657 14658 14660 14661 14697 14698 14699 14700 14701 14702 14712 14713 14714 14715 14716 14717 14718 14719 14720 14721 14722 14723 14724 14725 14726 14727 14728 14729 14730 14731 14732 14733 14734 14735 14736 14737 14738 14739 14740 14752 14753 14876 14877 14879 14880 14884 14894 
	}
	history={
		owner = ARG
		victory_points = {
			12321 15 
		}
		buildings = {
			infrastructure = 5
			air_base = 6
			industrial_complex = 6
			arms_factory = 2
			dockyard = 4
			1624 = {
				naval_base = 6

			}

		}
		add_core_of = ARG

	}
	manpower=9085597
	buildings_max_level_factor=1.000
	state_category=megalopolis
}
