state={
	id=1315
	name="STATE_1315"
	provinces={
		1446 1449 1524 1529 1542 1583 1585 1598 1613 1626 1641 1654 1979 2035 2109 2111 2132 2142 2147 2150 2152 2153 2160 2164 2167 2168 2173 2175 2178 2181 2182 2185 2190 2194 2195 2204 2209 2214 2218 2227 2228 4436 4457 4533 4548 4570 4575 4587 4589 4604 4617 5107 5110 5112 5115 5148 5151 5153 5156 5165 5167 5168 5172 5174 5178 5179 5182 5186 5188 5194 5200 5204 5208 5218 5220 5223 5229 5230 5232 7476 7553 7561 7581 7589 7594 7636 7638 8129 8140 8143 8148 8157 8172 8175 8177 8179 8181 8184 8187 8189 8190 8196 8197 8203 8210 8211 8224 8225 8226 8227 8233 8238 8239 8240 8242 10345 10347 10360 10362 10392 10405 10419 10432 10447 10502 10513 10515 10874 10924 10926 10931 10933 10938 10939 10943 10945 10946 10947 10956 10959 10967 10973 10980 10982 10984 10987 10989 10994 10996 10998 10999 11002 11003 11007 11008 11010 11023 12334 12336 12396 12422 12438 12440 12453 12466 12468 12479 12481 12496 12853 12901 12902 12903 12909 12913 12916 12923 12930 12933 12937 12938 12939 12947 12951 12959 12961 12964 12972 12973 12977 12979 12987 12996 12999 13175 13195 14487 14489 14490 14491 14492 14493 14495 14500 14502 14503 14504 14516 14517 14518 14519 14520 14521 14653 14655 14656 14659 14662 14663 14664 14756 14758 14878 14881 14882 14883 14885 14886 14887 14888 14889 14890 14891 14892 14893 14895 14896 14897 14898 14899 14900 14901 14902 14903 
	}
	history={
		owner = BRA
		victory_points = {
			10980 15 
		}
		buildings = {
			infrastructure = 5
			air_base = 6
			industrial_complex = 6
			arms_factory = 2
			dockyard = 4
			8196 = {
				naval_base = 6

			}

		}
		add_core_of = BRA

	}
	manpower=7000600
	buildings_max_level_factor=1.000
	state_category=megalopolis
}
